


거리차를 구한다.

i = 1

1 	   1          1   n (n - 1) + n   = n^2


2	   1  1       2   n (n - 1) + 2 * n = (n + 1) * n 

			


i = 2

3          1 1 1      1

4          1 2 1      2     n^2



5          1 2 1 1    3

6          1 2 2 1    4       (n + 1) * n


i = 3

7          1 2 1 2 1    5
  
8	   1 2 2 2 1    6	

9	   1 2 3 2 1    7	 


10         1 2 2 2 2 1   8   

11         1 2 2 3 2 1   9  

12         1 2 3 3 2 1   10   (1 + 2) * 2  +  1 ~ 6  




13	   1 2 3 1 3 2 1   11  (1 + 2 + 3) * 2  +  1 ~ 8

  
 